0.9370265985036489
42.50446671051803
427.513850343473
527.9296949821643
351.80018050920916
1.0180646040702601
83.34891122693111
6.672763031717155
205.4580506632877
348.86591840181194
0.6418944224007966
378.34341307169774
479.93028878711596
4352.1717300860555
25.138427016127352
371.1899618438348
7174.80061321718
322.22716346975324
35.18807319312577
5768.964826463879
0.015333302815680683
8491.679184914014
288.1962485096261
6.189584101508583
1.755845607865033
536.976119929759
174.78334861934474
3999.723081336174
0.62265237599889
18.89649703359386
34.99023171008695
764.3694014255111
17.348819832934083
8672.777703314088
2.505766146153887
1254.6190575143257
637.7512679798209
0.1333450357399646
37.64934336266413
777.0069131587505
0.789660976849327
23.830977946014443
0.8242654758723201
4.567156755235494
74.90412404005372
502.8407655879652
550.7617582867728
537.9121202541297
0.2841498064128706
23.045662025223447
705.9049831152952
4.941082205757084
36.94057931361128
80.75080605055044
2.150371881962779
0.3029953739745921
0.6569782891279367
590.9322801983052
88.88950978611466
854.6020076574159
0.4632122897991633
3190.5443788879415
828.776116268542
0.9399911046668658
5.971957044439099
74.4034911614386
6.110832798056035
792.5704376300334
489.7082057909358
28.45913477772941
29.60474700687773
0.1929428235934083
4119.25633431944
8978.827988160469
0.5721229268307393
6955.339550138519
0.00507742107953979
101.57922859448365
659.5914588261498
6155.972154556526
48.330296014790974
5.776333006687593
218.86416585827274
0.20601610466682818
791.6597968672692
0.8888660901500101
0.01822485842189725
950.2530348371778
7658.846070992069
1.8049578112510434
5477.456082746547
1.0152211481979578
0.6007656317435802
82.37387110862208
0.5730354984592773
76.52658798124101
492.10332671798653
0.952534581524675
682.9713756763265
0.768481360292602
9372.107725907023
213.47743488692527
6625.58779884344
46.24608265162333
9.192433637426822
0.5234503128196958
0.6549745184360553
0.3650323754012972
46.66751761421152
0.14754109148999373
8319.269024016847
0.6214030412162174
3732.9530971717127
4887.270991176643
30.90950974828621
9.845790077829083
9494.802917670584
0.882421623599985
0.8070744838253294
2216.5592755640096
72.37825912035329
1608.2682141572645
5.570503806291515
0.2617632962180384
73.2233885161036
126.31046616656494
0.22043077102149056
3.065814689738051
0.18069703735677378
2892.0783123205442
0.339329251502379
548.9490665776068
0.10236996239389373
21.26792844582751
0.639606430137839
8.37967561396585
6.006710461511191
721.0959902501123
4674.721723891289
621.1071089525706
321.17832468333995
20.394936604843817
0.15342129406943728
57.94225412858489
8446.48026295338
8097.361107553178
32.084636404957365
317.3869561599243
40.29502346582691
60.62963956291817
5.568961932196803
9128.444664376815
51.30984404249459
94.20237529770007
9.248420390999556
87.92133294911433
52.97963603112761
5.0959894260325775
0.3951929900876069
9.295607349736747
912.4777078401648
220.26728769372838
4.278291373836992
8.117580659962647
79.1585658464716
0.010333848704833892
8.247298902425737
8.317811114046265
718.5807774019435
35.85343385377745
0.8699934748174578
915.3307603688576
143.0818960710819
36.96804578543216
0.21883319821535774
0.39637547702817644
87.39353107502528
841.9597461875316
9455.632622746896
3.3360204834056018
4888.900391934585
817.8265816384617
75.8372251357738
5192.89113122732
7.174329235344104
486.7952704481906
2951.3073073052874
0.20404639896338417
5.078236164133126
2528.3423494574686
17.249569231708495
0.6953930772030715
36.862201764737975
543.439088808877
42.38418705362365
4.107280382951943
0.7031831466756598
9.234398242494375
0.8819018782747624
2.8304619170865717
3308.148674306802
0.4262044596403317
2.2035675530641474
2855.639384561545
5913.251007903874
0.4463776189711519
0.9501054239310596
894.4102022068032
0.18378612092553526
39.26439809435384
158.52284295522657
13.9661811128304
69.78306149668367
0.18600279791509922
6479.668588498969
1.5344241397118419
85.90969335095726
4278.722465867911
4.028183259210719
5.883252860373524
7.515652774566678
302.04647775802295
2815.9576529891483
16.956774883992964
5606.219102518646
6282.230868501395
2355.1793743164963
5084.220914764601
401.76751585021776
8087.411458126611
0.4883522183878143
0.7907775776942502
30.28069743961219
0.0922981271741391
55.847003849493426
3669.201597096322
7775.0006581553025
1.5757188563059243
7.777695973091438
552.894089391361
3.7631355136002096
4.696425126946226
9.489506441072988
54.67784844660714
9.02201603299475
0.7211723326680153
0.34291136003457834
50.42386570117979
0.735186876859947
32.80803969734073
5702.495090955171
5.67698269093624
0.7119116805378806
5.630322506329528
0.9595369513722896
8685.000869623645
7777.30208611916
0.3655304788917879
2540.789789555814
0.8825500823686495
67.92446116862052
9.767777604660123
748.4078865736642
2.8233483968930386
853.6921276407747
0.5441847067907188
0.24705368515757842
0.16806609234635617
2790.292901832614
219.82858604806333
270.0448770359224
3.656156139642386
54.91516305460432
2241.1079385751996
1.9280360403447494
39.76263396885238
7982.406842323804
6.176183010564751
0.8203125779433296
132.6384698950023
0.8682687099363304
0.12556969545329177
0.7788618919306504
58.031591764066334
3.376295208976612
25.642775140884044
57.04412617583018
14.62418326595294
1424.3891427083888
8.05573131384732
12.574216048220588
0.08025343277813235
64.41795198686086
0.19877058017759863
3.2746988808453836
9.450356860870846
882.8241156076624
271.9225177692115
389.0536075477582
0.5317413184232536
0.5403492046591568
3624.4757719363142
83.3241816762741
81.53630166555781
70.91396586759122
732.8279389015169
169.57018854090543
2291.049744524658
26.209746425350964
30.52740272923591
5.709661422623105
4322.910517783479
0.9365639524102327
2524.8269345613685
72.63877139428321
5738.3433573558
4686.075898282802
67.01207274787357
557.7859802106024
8.082756322226404
7579.79875700852
29.19573250458236
0.06771627478840603
674.7816139580095
35.461778431216594
348.3089210278377
0.6721477598268366
490.12441491431855
6593.668524659987
3580.680620420302
1.2282158857383307
70.63840267187913
0.7023190878535244
54.46483042104512
7.8121742418281945
4060.2896654651145
30.344057639945554
9148.170347898942
4.700045636487204
6.693144231309452
0.14101112522830428
1426.0521436811546
721.0268312000433
7760.509320544238
24.225354031235803
77.80636400139606
0.8574275204238339
5627.030502558353
2445.295075760009
2441.6895467781765
3.920053046061127
496.13510589642476
42.04399839222231
0.16902322954821847
8.376548117905989
0.4503076901918551
25.417255288892715
7481.8821195728715
4.500172029211163
52.45315862855783
14.311384807713567
0.39814333658605505
49.35603095100559
0.04338594998263301
0.7710085360650842
6.480791663400049
9.412127134407122
5378.860562528704
5293.072971015668
9425.473021890886
7489.68025174302
8.33954341543619
846.2881117043389
3.4566036570029137
4790.237061473198
7.323288111580821
0.042440906804418366
360.5249689089203
5617.756232638756
5466.053058196042
611.1898774654674
476.5953256124842
3.969013696553284
6.818732875767464
70.08211869101211
2983.0729755391217
49.895215820557404
0.08360065744811873
84.99509570325891
527.858257156214
588.1875829863679
11.475049166689278
515.6976414093613
5.882241446549669
0.4039952291970773
661.536501486968
7371.505122905333
3.3582944544979743
199.8092691573117
38.20161627278591
0.024030424375966808
0.7507059152257096
1182.8303354034742
4.171092185299134
0.7842318675717671
346.345978909405
9392.027048621088
2267.9591307773994
0.4251387770735493
63.03080424157266
646.6339376269118
41.92259041765385
24.368932626886664
47.83299333994806
0.7122170716258172
0.5187840445273443
0.7703654765334853
2.506008542365956
0.3890240579582378
0.014289145369410172
98.5534370592846
259.7242557369084
0.612640286818358
0.6822161184649558
5.363174165476192
8364.793127730292
77.9278351122475
3836.4582735242793
0.0343559589034903
0.25164520293153625
98.02173229737701
88.24172647527206
0.20198701854239576
0.2903100239041644
0.18319289844344255
0.416525197455354
641.6881755363866
0.8508045342217044
8.630112430094744
4.686880636776563
5.754313913679009
761.8380324500229
4638.871756770787
0.7147940950513488
9.847803211332707
0.40413224017463145
2626.6360039289884
7.578968446748979
22.80185871678381
9.96294965478991
6952.921561105983
754.1324715110175
8.286784575962994
0.7502432865818417
378.8055614114466
8.684058607271927
0.008640492146448797
90.2516189554154
2532.396091176643
8.594654472543656
0.681484456509807
56.27272290129232
3679.10502494909
8977.411631770266
0.2924368901151887
9153.442195648213
17.58470691594519
40.45779333407078
0.8838354148485387
9.876878704136077
0.7809622118332057
760.1893600562482
7.398115629502245
63.805003126010206
50.40664652035394
8672.63507101094
0.09301426776518051
8810.823321007221
262.92425557222
9.396754269375718
0.504740878740011
0.20477215229166323
6.492180773250214
0.7785007475320223
87.83891406505884
4058.9058931201494
9842.834028993508
2.042355376210062
341.8826190036268
9.175563480464978
7.504641905359827
912.7007912580142
55.88278036617971
6.731986023888867
2170.63669647499
77.41704476569524
5626.873890385124
3.8537997957450787
2915.7534459948342
7.876291574222638
0.8181636373340578
2020.318792724939
17.97276664859385
8473.568076716507
843.626390969418
9.058727698001183
943.8618802188926
8.33417847963352
0.21223783142927233
7401.455658133506
2776.2580458387433
3.545969711395056
